S	M	T	W	R	F	S
0	0	0	0	0	0	0	
0	0	0	0	2	0	0	
0	0	0	0	0	0	0	
0	0	0	0	0	0	0	
0	0	0	0	0	0	0	
0	0	0	0	0	0	0	
0	0	0	0	0	0	0	
0	0	0	0	0	0	0	
0	0	0	0	0	0	0	
0	0	0	4	0	0	0	
0	0	0	0	0	0	0	
0	0	0	0	0	0	0	
0	0	0	0	0	0	0	
0	0	0	0	0	0	0	
0	0	0	4	2	0	0	

S	M	T	W	R	F	S
0	0	0	0	0	0	0	
0	0	0	0	0	0	0	
0	0	0	0	0	0	0	
0	0	0	0	3	0	0	
0	0	0	0	0	0	0	
0	0	0	0	1	0	0	
0	0	0	4	0	0	0	
0	0	0	1	0	0	0	
0	0	0	0	0	0	0	
0	0	0	0	0	0	0	
0	0	0	0	0	0	0	
0	0	0	0	0	0	0	
0	0	0	0	0	0	0	
0	0	0	0	0	0	0	
0	0	0	5	4	0	0	

S	M	T	W	R	F	S
0	0	0	0	0	0	0	
0	0	0	0	0	0	0	
0	0	0	0	0	0	0	
0	0	0	0	0	1	0	
0	0	0	0	0	1	0	
0	0	0	0	0	0	0	
0	0	0	0	0	0	0	
0	0	0	0	0	0	0	
0	0	0	0	0	0	0	
0	0	0	0	0	0	0	
0	0	0	0	0	0	0	
0	0	0	0	0	0	0	
0	0	0	0	0	0	0	
0	0	0	0	0	0	0	
0	0	0	0	0	2	0	

S	M	T	W	R	F	S
0	0	0	0	0	0	0	
0	0	1	0	3	0	0	
0	2	0	0	0	1	0	
0	0	0	2	1	1	0	
0	0	0	0	0	0	0	
0	3	0	0	0	0	0	
0	0	5	0	0	0	0	
0	0	0	0	0	0	0	
0	0	0	0	0	0	0	
0	0	0	0	0	0	0	
0	0	0	0	0	0	0	
0	0	0	0	0	0	0	
0	0	0	0	0	0	0	
0	0	0	0	0	0	0	
0	5	6	2	4	2	0	

S	M	T	W	R	F	S
0	0	0	0	0	0	0	
0	2	0	2	1	0	0	
0	0	0	5	5	1	0	
0	2	0	2	4	1	0	
0	2	0	0	0	2	0	
0	2	0	1	1	0	0	
0	0	0	1	0	0	0	
0	0	0	0	0	0	0	
0	0	0	0	0	0	0	
0	0	0	0	0	0	0	
0	0	0	0	0	0	0	
0	0	0	0	0	0	0	
0	0	0	0	0	0	0	
0	0	0	0	0	0	0	
0	8	0	11	11	4	0	

S	M	T	W	R	F	S
0	0	0	0	1	0	0	
0	0	5	1	3	3	0	
0	0	4	4	6	4	0	
0	0	1	1	1	0	0	
0	0	1	0	0	0	0	
0	0	1	4	2	0	0	
0	0	1	0	0	0	0	
0	0	0	0	1	0	0	
0	0	0	0	0	0	0	
0	0	0	0	0	0	0	
0	0	0	0	0	0	0	
0	0	0	0	0	0	0	
0	0	0	0	0	0	0	
0	0	0	0	0	0	0	
0	0	13	10	14	7	0	

S	M	T	W	R	F	S
0	0	0	0	2	0	0	
0	4	6	5	5	3	0	
0	1	1	2	1	1	0	
0	4	1	4	5	2	0	
0	2	3	2	3	1	0	
0	2	1	2	5	0	0	
0	1	3	1	2	1	0	
0	0	0	0	0	0	0	
0	0	0	0	0	0	0	
0	0	0	0	0	0	0	
0	0	0	0	0	0	0	
0	0	0	0	0	0	0	
0	0	0	0	0	0	0	
0	0	0	0	0	0	0	
0	14	15	16	23	8	0	

S	M	T	W	R	F	S
0	0	1	0	0	0	0	
0	3	4	2	0	0	0	
0	6	2	3	0	1	0	
0	4	2	2	2	0	0	
0	9	3	1	4	0	0	
0	4	0	3	0	0	0	
0	1	1	1	2	0	0	
0	0	1	0	0	0	0	
0	0	2	0	0	0	0	
0	0	0	0	1	0	0	
0	0	0	0	0	0	0	
0	0	0	0	0	0	0	
0	0	0	0	0	0	0	
0	0	0	0	0	0	0	
0	27	16	12	9	1	0	

S	M	T	W	R	F	S
0	0	0	0	1	0	0	
0	0	5	6	4	1	0	
0	7	2	5	6	2	0	
0	0	7	5	3	2	0	
0	0	4	4	6	0	0	
0	4	3	2	3	0	0	
0	4	3	4	3	0	0	
0	1	2	0	0	0	0	
0	0	2	0	0	0	0	
0	0	0	0	0	0	0	
0	0	0	0	0	0	0	
0	0	0	0	0	0	0	
0	0	0	0	0	0	0	
0	0	0	0	0	0	0	
0	16	28	26	26	5	0	

S	M	T	W	R	F	S
0	0	1	0	0	0	0	
0	5	5	4	5	1	0	
0	1	7	2	6	2	0	
0	3	4	2	6	2	0	
0	6	4	3	2	1	0	
0	5	5	2	5	1	0	
0	2	1	2	1	0	0	
0	1	1	0	1	0	0	
0	2	0	0	0	0	0	
0	0	0	0	0	0	0	
0	0	0	0	0	0	0	
0	0	0	0	0	0	0	
0	0	0	0	0	0	0	
0	0	0	0	0	0	0	
0	25	28	15	26	7	0	

S	M	T	W	R	F	S
0	0	0	1	0	0	0	
0	0	6	4	4	1	0	
0	0	7	1	3	0	0	
0	0	3	4	2	2	0	
0	0	5	3	2	0	0	
0	0	2	2	3	0	0	
0	0	0	4	0	1	0	
0	0	0	0	2	0	0	
0	0	1	0	0	0	0	
0	0	0	0	0	0	0	
0	0	0	0	0	0	0	
0	0	0	0	0	0	0	
0	0	0	0	0	0	0	
0	0	0	0	0	0	0	
0	0	24	19	16	4	0	

S	M	T	W	R	F	S
0	0	2	0	2	0	0	
0	4	3	2	3	1	0	
0	2	6	12	3	0	0	
0	1	5	1	2	2	0	
0	1	3	2	5	0	0	
0	0	2	5	2	0	0	
0	4	5	4	3	0	0	
0	2	2	2	2	0	0	
0	0	0	0	0	0	0	
0	0	0	0	0	0	0	
0	0	0	0	0	0	0	
0	0	0	0	0	0	0	
0	0	0	0	0	0	0	
0	0	0	0	0	0	0	
0	14	28	28	22	3	0	

S	M	T	W	R	F	S
0	0	0	0	0	0	0	
0	1	1	0	2	0	0	
0	8	3	4	7	2	0	
0	4	2	1	3	0	0	
0	2	4	1	2	2	0	
0	2	2	7	0	0	0	
0	1	1	0	2	0	0	
0	0	1	1	2	0	0	
0	0	5	0	0	0	0	
0	0	0	0	0	0	0	
0	0	0	0	0	0	0	
0	0	0	0	0	0	0	
0	0	0	0	0	0	0	
0	0	0	0	0	0	0	
0	18	19	14	18	4	0	

S	M	T	W	R	F	S
0	0	1	0	0	0	0	
0	3	2	5	2	0	0	
0	3	2	2	4	1	0	
0	1	2	2	1	1	0	
0	1	0	4	2	1	0	
0	3	0	3	0	0	0	
0	2	4	3	4	0	0	
0	1	0	2	0	0	0	
0	2	2	2	0	0	0	
0	0	0	0	0	0	0	
0	0	0	0	0	0	0	
0	0	0	0	0	0	0	
0	0	0	0	0	0	0	
0	0	0	0	0	0	0	
0	16	13	23	13	3	0	

S	M	T	W	R	F	S
0	0	0	0	2	0	0	
0	4	1	4	6	0	0	
0	5	1	3	2	0	0	
0	0	4	3	2	0	0	
0	3	1	1	6	0	0	
0	1	2	1	3	0	0	
0	2	3	0	2	0	0	
0	2	1	1	0	0	0	
0	1	2	0	0	0	0	
0	0	0	0	1	0	0	
0	0	0	0	0	0	0	
0	0	0	0	0	0	0	
0	0	0	0	0	0	0	
0	0	0	0	0	0	0	
0	18	15	13	24	0	0	

S	M	T	W	R	F	S
0	0	0	0	0	0	0	
0	6	3	5	2	0	0	
0	1	3	2	1	0	0	
0	4	2	1	6	0	0	
0	4	1	3	4	0	0	
0	2	3	1	6	0	0	
0	5	0	2	0	0	0	
0	1	2	0	2	0	0	
0	1	2	0	0	0	0	
0	0	1	0	0	0	0	
0	0	0	0	0	0	0	
0	0	0	0	0	0	0	
0	0	0	0	0	0	0	
0	0	0	0	0	0	0	
0	24	17	14	21	0	0	

S	M	T	W	R	F	S
0	0	1	0	0	0	0	
0	1	2	1	0	0	0	
0	2	0	1	0	0	0	
0	1	4	1	0	0	0	
0	4	0	0	0	0	0	
0	0	2	1	0	0	0	
0	1	4	1	0	0	0	
0	0	2	0	0	0	0	
0	1	2	0	0	0	0	
0	0	0	0	0	0	0	
0	0	0	0	0	0	0	
0	0	0	0	0	0	0	
0	0	0	0	0	0	0	
0	0	0	0	0	0	0	
0	10	17	5	0	0	0	

S	M	T	W	R	F	S
0	0	0	0	1	0	0	
0	2	3	2	2	1	0	
0	2	5	3	1	1	0	
0	2	5	2	5	1	0	
0	3	3	6	4	0	0	
0	0	4	1	4	0	0	
0	2	0	2	1	1	0	
0	1	1	0	1	0	0	
0	1	2	0	1	0	0	
0	0	0	0	0	0	0	
0	0	0	0	0	0	0	
0	0	0	0	0	0	0	
0	0	0	0	0	0	0	
0	0	0	0	0	0	0	
0	13	23	16	20	4	0	

S	M	T	W	R	F	S
0	0	0	0	0	0	0	
0	2	4	2	1	1	0	
0	2	6	2	1	1	0	
0	1	1	0	3	2	0	
0	1	4	4	0	2	0	
0	1	4	0	1	0	0	
0	1	1	0	1	0	0	
0	2	0	0	0	0	0	
0	0	1	0	0	0	0	
0	0	0	0	0	0	0	
0	0	0	0	0	0	0	
0	0	0	0	0	0	0	
0	0	0	0	0	0	0	
0	0	0	0	0	0	0	
0	10	21	8	7	6	0	

S	M	T	W	R	F	S
0	0	0	0	0	0	0	
0	3	0	1	2	0	0	
0	1	2	1	1	0	0	
0	1	1	1	3	0	0	
0	1	2	2	0	0	0	
0	1	1	0	0	0	0	
0	0	1	0	0	0	0	
0	3	0	0	0	0	0	
0	0	0	0	1	0	0	
0	0	0	0	0	0	0	
0	0	0	0	0	0	0	
0	0	0	0	0	0	0	
0	0	0	0	0	0	0	
0	0	0	0	0	0	0	
0	10	7	5	7	0	0	

S	M	T	W	R	F	S
0	0	0	0	0	0	0	
0	0	0	0	0	0	0	
0	0	0	0	3	0	0	
0	0	2	6	3	0	0	
0	0	1	2	0	0	0	
0	0	1	2	0	0	0	
0	1	0	2	0	0	0	
0	0	1	2	2	0	0	
0	0	0	0	0	0	0	
0	0	0	0	0	0	0	
0	0	0	0	0	0	0	
0	0	0	0	0	0	0	
0	0	0	0	0	0	0	
0	0	0	0	0	0	0	
0	1	5	14	8	0	0	

S	M	T	W	R	F	S
0	0	0	0	0	0	0	
0	0	0	0	0	0	0	
0	0	0	0	0	0	0	
0	0	0	0	0	0	0	
0	0	0	3	0	0	0	
0	0	0	0	1	0	0	
0	0	1	1	0	0	0	
0	0	2	2	0	0	0	
0	0	1	0	0	0	0	
0	0	0	0	0	0	0	
0	0	0	0	0	0	0	
0	0	0	0	0	0	0	
0	0	0	0	0	0	0	
0	0	0	0	0	0	0	
0	0	4	6	1	0	0	

S	M	T	W	R	F	S
0	0	0	0	0	0	0	
0	0	0	0	0	0	0	
0	0	4	0	2	0	0	
0	0	1	3	2	0	0	
0	3	0	1	3	0	0	
0	0	6	4	2	0	0	
0	3	3	0	0	10	0	
0	1	1	0	0	0	0	
0	0	0	2	0	0	0	
0	0	0	0	0	0	0	
0	0	0	0	0	0	0	
0	1	0	0	1	0	0	
0	0	1	0	0	0	0	
0	0	0	0	0	0	0	
0	8	16	10	10	10	0	

S	M	T	W	R	F	S
0	0	0	0	0	0	0	
0	0	2	0	4	0	0	
0	0	3	0	2	0	0	
0	0	4	0	0	0	0	
0	1	1	2	1	1	0	
0	1	6	0	3	0	0	
0	1	1	3	1	1	0	
0	0	2	0	0	0	0	
0	1	1	4	0	0	0	
0	1	1	1	4	0	0	
0	0	0	0	0	0	0	
0	2	0	0	0	0	0	
0	0	0	0	0	0	0	
0	0	0	0	0	0	0	
0	7	21	10	15	2	0	

S	M	T	W	R	F	S
0	0	0	0	0	0	0	
0	0	0	0	0	1	0	
0	0	0	0	1	0	0	
0	0	0	1	3	0	0	
0	0	0	2	3	0	0	
0	0	1	6	2	0	0	
0	0	1	0	1	4	0	
0	0	1	0	1	7	0	
0	0	2	2	0	0	0	
0	0	5	1	1	0	0	
0	0	0	0	0	0	0	
0	0	0	0	0	0	0	
0	0	0	0	0	0	0	
0	0	0	0	0	0	0	
0	0	10	12	12	12	0	

S	M	T	W	R	F	S
0	0	0	0	0	0	0	
0	3	2	0	1	0	0	
0	1	7	0	0	0	0	
0	2	2	4	0	0	0	
0	4	6	3	1	0	0	
0	4	1	3	1	0	0	
0	2	1	2	0	0	0	
0	7	0	5	1	0	0	
0	0	3	0	1	0	0	
0	1	0	1	1	0	0	
0	0	0	0	0	0	0	
0	1	1	0	0	0	0	
0	0	0	0	0	0	0	
0	0	0	0	0	0	0	
0	25	23	18	6	0	0	

S	M	T	W	R	F	S
0	0	0	0	0	0	0	
0	0	0	0	4	2	0	
0	0	9	2	2	0	0	
0	0	3	1	2	1	0	
0	0	2	2	5	0	0	
0	0	3	1	1	0	0	
0	0	0	5	1	0	0	
0	0	2	0	2	0	0	
0	0	0	1	0	0	0	
0	0	1	1	1	0	0	
0	0	0	0	0	0	0	
0	0	0	0	0	0	0	
0	0	0	0	0	0	0	
0	0	0	0	0	0	0	
0	0	20	13	18	3	0	

S	M	T	W	R	F	S
0	0	2	0	0	0	0	
0	1	4	2	2	1	0	
0	0	5	1	3	2	0	
0	2	4	3	0	0	0	
0	4	2	3	5	2	0	
0	1	4	1	2	0	0	
0	3	3	4	2	6	0	
0	1	3	6	2	4	0	
0	0	0	2	1	0	0	
0	2	0	0	0	0	0	
0	0	2	0	2	0	0	
0	0	1	0	0	0	0	
0	0	0	0	0	0	0	
0	0	0	0	0	0	0	
0	14	30	22	19	15	0	

S	M	T	W	R	F	S
0	0	0	0	0	0	0	
0	0	5	5	4	0	0	
0	2	6	2	3	1	0	
0	1	3	1	7	1	0	
0	0	4	3	2	1	0	
0	5	1	2	3	0	0	
0	2	0	3	3	3	0	
0	0	1	0	1	2	0	
0	0	1	0	0	0	0	
0	1	1	0	1	0	0	
0	0	1	0	8	0	0	
0	0	0	0	0	0	0	
0	0	0	0	0	0	0	
0	0	0	0	0	0	0	
0	11	23	16	32	8	0	

S	M	T	W	R	F	S
0	0	2	0	0	0	0	
0	0	3	3	0	0	0	
0	0	4	1	4	0	0	
0	1	3	2	3	1	0	
0	1	4	4	0	0	0	
0	2	2	3	3	0	0	
0	2	4	4	1	0	0	
0	1	1	2	1	0	0	
0	1	0	1	1	0	0	
0	0	0	0	0	0	0	
0	0	0	0	0	0	0	
0	0	0	0	0	0	0	
0	0	0	0	0	0	0	
0	0	0	0	0	0	0	
0	8	23	20	13	1	0	

S	M	T	W	R	F	S
0	0	0	0	0	0	0	
0	0	2	4	3	1	0	
0	0	2	1	3	0	0	
0	0	6	5	4	1	0	
0	0	1	3	1	1	0	
0	3	4	1	1	0	0	
0	2	2	3	0	1	0	
0	1	0	2	2	0	0	
0	3	0	2	0	1	0	
0	0	0	0	0	0	0	
0	0	0	0	0	0	0	
0	0	0	0	0	0	0	
0	0	0	0	0	0	0	
0	0	0	0	0	0	0	
0	9	17	21	14	5	0	

S	M	T	W	R	F	S
0	0	5	0	0	0	0	
0	2	3	2	3	1	0	
0	1	4	2	1	2	0	
0	3	1	1	7	1	0	
0	0	1	6	1	0	0	
0	0	2	0	2	0	0	
0	1	0	1	2	0	0	
0	1	0	0	1	0	0	
0	2	0	3	0	0	0	
0	1	0	0	0	0	0	
0	0	0	0	0	0	0	
0	0	0	0	0	0	0	
0	0	0	0	0	0	0	
0	0	0	0	0	0	0	
0	11	16	15	17	4	0	

S	M	T	W	R	F	S
0	0	0	0	0	0	0	
0	0	2	1	3	4	0	
0	4	8	4	3	2	0	
0	1	1	3	4	0	0	
0	1	2	1	0	1	0	
0	2	2	3	2	0	0	
0	6	1	4	2	1	0	
0	5	1	0	2	1	0	
0	3	1	7	3	0	0	
0	0	0	0	0	0	0	
0	0	0	0	0	0	0	
0	0	0	0	0	0	0	
0	0	0	0	0	0	0	
0	0	0	0	0	0	0	
0	22	18	23	19	9	0	

S	M	T	W	R	F	S
0	0	0	0	0	0	0	
0	0	4	3	2	1	0	
0	0	5	2	5	0	0	
0	0	5	5	2	1	0	
0	0	3	4	1	1	0	
0	0	2	1	3	4	0	
0	0	3	1	0	0	0	
0	0	1	2	2	1	0	
0	0	2	2	1	0	0	
0	0	0	0	0	0	0	
0	0	0	0	1	0	0	
0	0	0	0	0	0	0	
0	0	0	0	0	0	0	
0	0	0	0	0	0	0	
0	0	25	20	17	8	0	

S	M	T	W	R	F	S
0	0	1	1	0	0	0	
0	1	1	5	1	2	0	
0	1	1	1	6	3	0	
0	1	7	3	7	2	0	
0	2	2	3	2	0	0	
0	4	1	3	1	1	0	
0	3	3	0	2	4	0	
0	3	0	4	2	1	0	
0	1	1	5	2	0	0	
0	2	0	1	0	0	0	
0	0	0	0	0	0	0	
0	0	0	0	0	0	0	
0	0	0	0	0	0	0	
0	0	0	0	0	0	0	
0	18	17	26	23	13	0	

S	M	T	W	R	F	S
0	0	2	0	0	0	0	
0	0	1	2	3	3	0	
0	0	4	3	5	3	0	
0	2	0	0	1	0	0	
0	0	0	2	2	1	0	
0	0	4	0	2	1	0	
0	0	4	0	1	1	0	
0	0	0	1	1	1	0	
0	0	0	3	0	0	0	
0	0	0	0	0	0	0	
0	0	0	0	0	0	0	
0	0	0	0	0	0	0	
0	0	0	0	0	0	0	
0	0	0	0	0	0	0	
0	2	15	11	15	10	0	

S	M	T	W	R	F	S
0	1	1	0	0	0	0	
0	3	1	1	0	0	0	
0	3	4	2	0	0	0	
0	6	0	0	0	0	0	
0	1	1	2	0	0	0	
0	1	0	2	0	0	0	
0	1	0	0	0	0	0	
0	0	1	0	0	0	0	
0	0	0	0	0	0	0	
0	0	0	0	0	0	0	
0	0	0	0	0	0	0	
0	0	0	0	0	0	0	
0	0	0	0	0	0	0	
0	0	0	0	0	0	0	
0	16	8	7	0	0	0	

S	M	T	W	R	F	S
0	0	0	0	0	0	0	
0	0	1	0	1	1	0	
0	0	0	0	0	0	0	
0	1	0	1	0	0	0	
0	0	0	0	0	0	0	
0	0	0	0	0	0	0	
0	0	1	0	1	2	0	
0	0	0	0	0	0	0	
0	0	0	0	0	0	0	
0	0	0	0	0	0	0	
0	0	0	0	0	0	0	
0	0	0	0	0	0	0	
0	0	0	0	0	0	0	
0	0	0	0	0	0	0	
0	1	2	1	2	3	0	

S	M	T	W	R	F	S
0	0	0	0	0	0	0	
0	0	1	1	1	2	0	
0	2	2	0	2	3	0	
0	0	2	0	0	0	0	
0	0	0	0	3	1	0	
0	1	1	2	2	4	0	
0	3	1	1	1	3	0	
0	0	1	0	0	0	0	
0	2	1	2	1	0	0	
0	0	0	0	1	0	0	
0	0	1	0	1	0	0	
0	0	0	0	0	0	0	
0	0	0	0	0	0	0	
0	0	0	0	0	0	0	
0	8	10	6	12	13	0	

S	M	T	W	R	F	S
0	0	0	1	0	0	0	
0	0	0	0	1	0	0	
0	0	1	3	1	4	0	
0	0	3	0	0	2	0	
0	0	0	0	1	0	0	
0	0	1	0	2	0	0	
0	0	2	0	4	1	0	
0	0	3	5	0	1	0	
0	0	0	0	1	0	0	
0	0	0	0	0	0	0	
0	0	0	0	1	1	0	
0	0	0	0	0	0	0	
0	0	0	0	0	0	0	
0	0	0	0	0	0	0	
0	0	10	9	11	9	0	

S	M	T	W	R	F	S
0	0	0	0	0	0	0	
0	3	1	0	0	0	0	
0	1	1	2	2	2	0	
0	0	1	3	0	1	0	
0	1	1	0	0	0	0	
0	0	4	0	3	1	0	
0	0	1	0	2	4	0	
0	2	0	1	2	0	0	
0	1	0	0	0	0	0	
0	0	0	0	0	0	0	
0	0	0	0	0	0	0	
0	0	0	0	0	0	0	
0	0	0	0	0	0	0	
0	0	0	0	0	0	0	
0	8	9	6	9	8	0	

S	M	T	W	R	F	S
0	0	0	0	0	0	0	
0	2	1	1	1	3	0	
0	3	3	1	2	1	0	
0	1	1	1	0	0	0	
0	1	0	0	0	0	0	
0	3	2	0	0	0	0	
0	1	3	0	0	0	0	
0	2	1	1	2	1	0	
0	0	0	0	0	0	0	
0	0	1	0	0	0	0	
0	0	0	0	0	0	0	
0	0	0	0	0	0	0	
0	0	0	0	0	0	0	
0	0	0	0	0	0	0	
0	13	12	4	5	5	0	

S	M	T	W	R	F	S
0	1	0	0	1	0	0	
0	1	4	3	0	1	0	
0	1	1	0	1	0	0	
0	1	0	1	0	0	0	
0	0	0	0	0	0	0	
0	0	1	3	0	0	0	
0	0	1	0	2	0	0	
0	2	0	2	1	0	0	
0	0	0	1	1	0	0	
0	1	0	0	0	0	0	
0	0	0	0	1	0	0	
0	0	0	0	0	0	0	
0	0	0	0	0	0	0	
0	0	0	0	0	0	0	
0	7	7	10	7	1	0	

S	M	T	W	R	F	S
0	0	0	0	0	0	0	
0	0	0	0	0	0	0	
0	0	0	0	0	0	0	
0	0	0	1	0	0	0	
0	1	1	1	0	0	0	
0	0	0	0	0	0	0	
0	0	0	0	0	0	0	
0	1	0	0	2	0	0	
0	0	0	0	0	0	0	
0	0	0	0	0	0	0	
0	0	0	0	0	0	0	
0	0	0	0	0	0	0	
0	0	0	0	0	0	0	
0	0	0	0	0	0	0	
0	2	1	2	2	0	0	

S	M	T	W	R	F	S
0	0	0	0	0	0	0	
0	0	0	0	0	0	0	
0	0	0	1	0	1	0	
0	0	0	0	0	3	0	
0	2	0	1	1	3	0	
0	1	0	1	2	1	0	
0	0	0	0	1	0	0	
0	3	0	1	3	2	0	
0	0	0	0	2	0	0	
0	0	0	0	0	0	0	
0	0	0	0	0	0	0	
0	0	0	0	0	0	0	
0	0	0	0	0	0	0	
0	0	0	0	0	0	0	
0	6	0	4	9	10	0	

S	M	T	W	R	F	S
0	0	0	0	0	0	0	
0	0	0	0	0	1	0	
0	1	0	0	0	0	0	
0	0	0	0	0	0	0	
0	0	0	0	0	0	0	
0	0	1	1	1	3	0	
0	2	1	2	2	0	0	
0	3	2	1	3	0	0	
0	0	0	0	0	1	0	
0	0	0	0	0	0	0	
0	0	0	0	0	0	0	
0	0	0	0	0	0	0	
0	0	0	0	0	0	0	
0	0	0	0	0	0	0	
0	6	4	4	6	5	0	

S	M	T	W	R	F	S
0	0	0	0	0	0	0	
0	0	0	0	0	0	0	
0	0	0	0	0	0	0	
0	0	0	1	1	0	0	
0	0	0	0	0	1	0	
0	0	1	1	0	0	0	
0	2	2	1	0	1	0	
0	2	3	2	1	0	0	
0	1	2	0	0	0	0	
0	0	1	0	0	0	0	
0	0	0	0	0	0	0	
0	0	0	0	0	0	0	
0	0	0	0	0	0	0	
0	0	0	0	0	0	0	
0	5	9	5	2	2	0	

S	M	T	W	R	F	S
0	0	0	0	0	1	0	
0	0	0	0	0	0	0	
0	3	0	0	0	0	0	
0	1	0	0	1	0	0	
0	0	1	1	0	1	0	
0	1	1	0	1	0	0	
0	2	1	2	4	1	0	
0	2	4	0	2	1	0	
0	0	1	2	0	0	0	
0	0	0	0	0	0	0	
0	0	0	0	0	0	0	
0	0	0	0	0	0	0	
0	0	0	0	0	0	0	
0	0	0	0	0	0	0	
0	9	8	5	8	4	0	

S	M	T	W	R	F	S
0	0	0	0	0	0	0	
0	0	1	0	0	0	0	
0	0	0	0	0	0	0	
0	0	0	2	0	0	0	
0	2	1	0	0	2	0	
0	2	0	0	2	0	0	
0	2	1	0	0	0	0	
0	1	1	3	0	0	0	
0	0	1	0	0	1	0	
0	0	0	0	0	0	0	
0	0	0	0	0	0	0	
0	0	0	0	0	0	0	
0	0	0	0	0	0	0	
0	0	0	0	0	0	0	
0	7	5	5	2	3	0	

S	M	T	W	R	F	S
0	0	0	0	0	0	0	
0	0	0	1	0	0	0	
0	2	0	1	1	0	0	
0	1	1	1	1	0	0	
0	0	3	0	1	0	0	
0	0	2	1	1	1	0	
0	0	0	0	1	0	0	
0	0	0	0	2	1	0	
0	0	0	0	1	1	0	
0	0	0	0	0	0	0	
0	0	0	0	0	0	0	
0	0	0	0	0	0	0	
0	0	0	0	0	0	0	
0	0	0	0	0	0	0	
0	3	6	4	8	3	0	

S	M	T	W	R	F	S
0	1	0	0	0	0	0	
0	2	3	1	3	0	0	
0	1	0	3	1	0	0	
0	4	1	3	0	0	0	
0	0	1	1	0	0	0	
0	1	1	2	0	0	0	
0	0	0	0	0	0	0	
0	0	1	3	1	0	0	
0	2	0	1	0	0	0	
0	0	0	0	0	0	0	
0	0	0	0	0	0	0	
0	0	0	0	0	0	0	
0	0	0	0	0	0	0	
0	0	0	0	0	0	0	
0	11	7	14	5	0	0	

S	M	T	W	R	F	S
0	0	1	0	0	0	0	
0	0	0	3	2	0	0	
0	0	1	0	1	1	0	
0	0	1	2	3	0	0	
0	0	4	1	1	0	0	
0	0	2	1	1	0	0	
0	0	2	2	1	1	0	
0	0	3	3	3	0	0	
0	0	0	0	0	1	0	
0	0	0	0	0	1	0	
0	0	0	0	0	0	0	
0	0	0	0	0	0	0	
0	0	0	0	0	0	0	
0	0	0	0	0	0	0	
0	0	14	12	12	4	0	

S	M	T	W	R	F	S
0	1	2	0	0	0	0	
0	2	2	1	6	0	0	
0	3	1	2	1	0	0	
0	2	3	2	2	1	0	
0	4	5	3	12	1	0	
0	4	3	0	5	0	0	
0	4	0	1	0	0	0	
0	0	1	0	0	2	0	
0	0	2	2	0	0	0	
0	1	0	2	0	0	0	
0	0	0	0	0	0	0	
0	0	0	0	0	0	0	
0	0	0	0	0	0	0	
0	0	0	0	0	0	0	
0	21	19	13	26	4	0	

S	M	T	W	R	F	S
0	0	0	0	0	0	0	
0	1	5	0	2	0	0	
0	2	6	0	0	2	0	
0	13	4	4	3	0	0	
0	2	1	7	4	2	0	
0	3	3	0	4	1	0	
0	2	3	3	3	0	0	
0	3	9	2	0	0	0	
0	0	0	0	0	1	0	
0	1	0	1	0	0	0	
0	0	0	0	0	0	0	
0	0	0	0	0	0	0	
0	0	0	0	0	0	0	
0	0	0	0	0	0	0	
0	27	31	17	16	6	0	

S	M	T	W	R	F	S
0	0	1	0	0	0	0	
0	0	3	1	3	1	0	
0	7	0	0	3	2	0	
0	5	1	0	3	1	0	
0	1	1	4	2	0	0	
0	1	1	1	0	2	0	
0	2	1	0	1	2	0	
0	0	5	3	2	0	0	
0	1	3	2	1	0	0	
0	0	0	0	0	0	0	
0	0	1	1	0	0	0	
0	0	0	0	0	0	0	
0	0	0	0	0	0	0	
0	0	0	0	0	0	0	
0	17	17	12	15	8	0	

S	M	T	W	R	F	S
0	0	1	1	0	0	0	
0	0	3	1	1	0	0	
0	2	6	2	4	2	0	
0	2	5	1	0	2	0	
0	4	0	3	2	0	0	
0	12	2	2	5	0	0	
0	2	2	3	2	1	0	
0	2	1	2	2	2	0	
0	0	2	1	0	0	0	
0	0	0	4	2	0	0	
0	0	0	0	1	0	0	
0	0	0	0	0	0	0	
0	0	0	0	0	0	0	
0	0	0	0	0	0	0	
0	24	22	20	19	7	0	

S	M	T	W	R	F	S
0	0	0	0	0	0	0	
0	0	0	1	0	1	0	
0	0	4	0	3	1	0	
0	0	2	2	4	0	0	
0	0	4	0	3	2	0	
0	0	5	4	3	1	0	
0	0	1	2	3	0	0	
0	0	1	1	4	0	0	
0	0	1	2	0	0	0	
0	0	0	0	0	0	0	
0	0	0	0	0	0	0	
0	0	0	0	0	0	0	
0	0	0	0	0	0	0	
0	0	0	0	0	0	0	
0	0	18	12	20	5	0	

S	M	T	W	R	F	S
0	0	0	0	0	0	0	
0	2	1	1	1	0	0	
0	0	7	0	2	0	0	
0	3	0	3	2	0	0	
0	1	3	2	0	1	0	
0	3	11	1	5	0	0	
0	0	2	1	2	1	0	
0	0	0	1	1	0	0	
0	0	0	0	3	0	0	
0	0	0	0	0	0	0	
0	0	0	0	0	0	0	
0	0	0	0	0	0	0	
0	0	0	0	0	0	0	
0	0	0	0	0	0	0	
0	9	24	9	16	2	0	

S	M	T	W	R	F	S
0	0	0	0	0	0	0	
0	1	0	2	1	1	0	
0	0	0	0	1	1	0	
0	8	2	2	6	1	0	
0	5	2	2	0	0	0	
0	1	3	0	2	2	0	
0	2	1	3	2	2	0	
0	1	1	0	1	0	0	
0	0	0	0	0	0	0	
0	0	1	9	0	0	0	
0	0	0	0	0	0	0	
0	0	0	0	0	0	0	
0	0	0	0	0	0	0	
0	0	0	0	0	0	0	
0	18	10	18	13	7	0	

S	M	T	W	R	F	S
0	0	0	0	0	0	0	
0	0	0	0	3	0	0	
0	1	1	1	2	0	0	
0	2	2	5	0	2	0	
0	1	5	0	2	0	0	
0	0	1	2	1	0	0	
0	0	6	17	1	0	0	
0	0	3	1	1	0	0	
0	1	0	1	0	0	0	
0	0	1	0	0	0	0	
0	1	0	1	0	0	0	
0	0	1	0	0	0	0	
0	2	0	0	0	0	0	
0	0	0	0	0	0	0	
0	8	20	28	10	2	0	

S	M	T	W	R	F	S
0	1	0	0	0	0	0	
0	0	1	1	1	0	0	
0	2	3	0	5	0	0	
0	7	5	0	4	0	0	
0	2	1	1	4	0	0	
0	0	3	4	1	0	0	
0	3	1	3	0	0	0	
0	2	1	2	2	0	0	
0	0	1	0	2	0	0	
0	1	0	2	1	0	0	
0	0	0	0	0	0	0	
0	0	0	0	0	0	0	
0	0	0	0	0	0	0	
0	0	0	0	0	0	0	
0	18	16	13	20	0	0	

S	M	T	W	R	F	S
0	0	2	2	0	0	0	
0	0	2	3	1	0	0	
0	3	2	0	1	1	0	
0	3	5	2	4	1	0	
0	4	1	3	7	0	0	
0	2	8	1	2	1	0	
0	1	2	3	3	0	0	
0	0	2	0	1	0	0	
0	2	1	0	1	0	0	
0	2	0	0	0	0	0	
0	0	0	0	0	0	0	
0	0	0	0	0	0	0	
0	0	0	0	0	0	0	
0	0	0	0	0	0	0	
0	17	25	14	20	3	0	

S	M	T	W	R	F	S
0	0	0	0	0	0	0	
0	0	0	0	0	0	0	
0	0	1	0	0	0	0	
0	3	3	0	0	0	0	
0	2	2	0	0	0	0	
0	1	3	0	0	0	0	
0	3	1	0	0	0	0	
0	1	0	0	0	0	0	
0	1	1	0	0	0	0	
0	0	0	0	0	0	0	
0	0	0	0	0	0	0	
0	0	0	0	0	0	0	
0	0	0	0	0	0	0	
0	0	0	0	0	0	0	
0	11	11	0	0	0	0	

S	M	T	W	R	F	S
0	0	0	0	0	0	0	
0	0	2	0	1	0	0	
0	2	1	2	4	0	0	
0	3	1	1	2	4	0	
0	4	7	0	4	1	0	
0	0	5	2	2	0	0	
0	2	3	3	0	0	0	
0	0	1	0	0	1	0	
0	3	0	0	2	0	0	
0	1	0	0	1	0	0	
0	0	0	0	0	0	0	
0	0	0	0	0	0	0	
0	0	0	0	0	0	0	
0	0	0	0	0	0	0	
0	15	20	8	16	6	0	

S	M	T	W	R	F	S
0	0	0	0	2	0	0	
0	1	1	1	2	1	0	
0	0	2	1	4	3	0	
0	2	1	0	2	1	0	
0	3	2	0	1	0	0	
0	1	3	7	3	2	0	
0	4	4	1	0	0	0	
0	1	4	0	2	0	0	
0	0	0	0	2	0	0	
0	1	0	0	0	0	0	
0	0	0	0	0	0	0	
0	0	0	0	0	0	0	
0	0	0	0	0	0	0	
0	1	0	0	0	0	0	
0	14	17	10	18	7	0	

S	M	T	W	R	F	S
0	0	1	0	0	0	0	
0	3	2	0	1	0	0	
0	2	4	2	3	0	0	
0	2	3	2	2	0	0	
0	8	1	0	1	0	0	
0	0	2	2	0	0	0	
0	2	2	1	0	0	0	
0	0	2	0	0	0	0	
0	0	0	0	0	0	0	
0	0	2	0	0	0	0	
0	0	0	0	0	0	0	
0	0	0	0	0	0	0	
0	0	0	0	0	0	0	
0	0	0	0	0	0	0	
0	17	19	7	7	0	0	

S	M	T	W	R	F	S
0	0	0	0	0	0	0	
0	0	0	0	0	0	0	
0	0	0	0	3	0	0	
0	0	0	0	0	0	0	
0	0	0	0	2	0	0	
0	0	0	0	0	0	0	
0	0	0	0	1	0	0	
0	0	0	0	0	0	0	
0	0	0	0	0	0	0	
0	0	0	0	0	0	0	
0	0	0	0	0	0	0	
0	0	0	0	0	0	0	
0	0	0	0	0	0	0	
0	0	0	0	0	0	0	
0	0	0	0	6	0	0	

S	M	T	W	R	F	S
0	0	0	0	0	0	0	
0	3	1	1	4	0	0	
0	0	2	0	0	1	0	
0	3	1	2	2	1	0	
0	0	2	1	2	1	0	
0	1	1	0	3	0	0	
0	2	0	0	0	0	0	
0	0	0	2	0	0	0	
0	0	0	1	2	0	0	
0	0	0	0	2	0	0	
0	0	0	0	0	0	0	
0	0	0	0	0	0	0	
0	1	0	0	0	0	0	
0	0	0	0	0	0	0	
0	10	7	7	15	3	0	

S	M	T	W	R	F	S
0	0	0	0	0	0	0	
0	0	2	3	3	0	0	
0	5	1	0	2	0	0	
0	4	1	4	1	2	0	
0	2	2	1	2	0	0	
0	1	0	2	1	0	0	
0	0	1	4	1	0	0	
0	0	0	0	0	0	0	
0	1	1	0	0	0	0	
0	0	0	0	0	0	0	
0	0	0	0	0	0	0	
0	0	0	0	0	0	0	
0	0	0	0	0	0	0	
0	0	0	0	0	0	0	
0	13	8	14	10	2	0	

S	M	T	W	R	F	S
0	0	1	0	0	0	0	
0	3	1	4	4	0	0	
0	5	1	0	0	1	0	
0	3	2	1	2	0	0	
0	4	1	2	0	0	0	
0	0	2	1	0	0	0	
0	6	0	1	2	0	0	
0	0	0	0	2	0	0	
0	1	1	2	1	0	0	
0	2	0	0	3	0	0	
0	0	0	1	0	0	0	
0	0	0	0	0	0	0	
0	0	0	0	0	0	0	
0	0	0	0	0	0	0	
0	24	9	12	14	1	0	

S	M	T	W	R	F	S
0	0	1	0	0	0	0	
0	2	3	2	0	0	0	
0	1	1	1	0	1	0	
0	1	1	4	0	1	0	
0	1	1	5	1	0	0	
0	1	0	1	1	0	0	
0	1	1	1	1	0	0	
0	0	0	0	1	0	0	
0	3	0	0	1	0	0	
0	0	0	0	0	0	0	
0	0	2	0	1	0	0	
0	0	0	0	0	0	0	
0	0	0	0	0	0	0	
0	0	0	0	0	0	0	
0	10	10	14	6	2	0	

S	M	T	W	R	F	S
0	0	0	0	0	0	0	
0	0	3	2	3	2	0	
0	0	5	3	2	0	0	
0	0	2	4	1	1	0	
0	0	1	0	3	0	0	
0	0	2	1	2	0	0	
0	0	1	2	2	0	0	
0	0	1	3	1	0	0	
0	0	0	1	0	0	0	
0	0	0	1	0	0	0	
0	0	0	0	0	0	0	
0	0	0	0	0	0	0	
0	0	0	0	0	0	0	
0	0	0	0	0	0	0	
0	0	15	17	14	3	0	

S	M	T	W	R	F	S
0	0	0	1	0	0	0	
0	0	2	5	1	0	0	
0	3	7	3	3	0	0	
0	2	2	0	0	0	0	
0	5	2	1	1	0	0	
0	3	1	1	0	0	0	
0	1	1	0	1	0	0	
0	2	1	0	1	0	0	
0	0	0	1	1	0	0	
0	0	0	0	0	0	0	
0	0	0	0	0	0	0	
0	0	0	0	0	0	0	
0	0	0	0	1	0	0	
0	0	0	0	0	0	0	
0	16	16	12	9	0	0	

S	M	T	W	R	F	S
0	1	0	0	0	0	0	
0	1	3	3	2	5	0	
0	0	3	2	0	1	0	
0	3	2	2	0	0	0	
0	5	0	1	0	1	0	
0	3	2	2	0	0	0	
0	2	2	2	0	0	0	
0	2	0	1	0	0	0	
0	0	0	0	0	0	0	
0	1	0	2	0	0	0	
0	0	1	0	0	0	0	
0	0	0	0	0	0	0	
0	0	0	0	0	0	0	
0	0	0	0	0	0	0	
0	18	13	15	2	7	0	

S	M	T	W	R	F	S
0	0	0	0	0	0	0	
0	0	0	1	0	0	0	
0	0	0	0	0	0	0	
0	0	0	0	0	0	0	
0	0	1	2	0	0	0	
0	0	0	0	0	1	0	
0	0	0	0	0	1	0	
0	0	0	0	0	0	0	
0	0	0	0	0	0	0	
0	0	0	0	0	0	0	
0	0	0	0	0	0	0	
0	0	0	0	0	0	0	
0	0	0	0	0	0	0	
0	0	0	0	0	0	0	
0	0	1	3	0	2	0	

S	M	T	W	R	F	S
0	0	0	0	0	0	0	
0	1	1	0	2	1	0	
0	3	11	0	6	2	0	
0	1	6	0	3	1	0	
0	0	1	0	0	1	0	
0	0	0	0	3	0	0	
0	2	0	0	0	1	0	
0	0	0	0	1	0	0	
0	1	0	0	1	0	0	
0	0	0	0	0	0	0	
0	1	0	0	1	0	0	
0	0	0	0	0	0	0	
0	0	0	0	0	0	0	
0	0	0	0	0	0	0	
0	9	19	0	17	6	0	

S	M	T	W	R	F	S
0	0	0	0	0	0	0	
0	3	0	0	0	0	0	
0	0	0	0	0	0	0	
0	4	0	0	0	0	0	
0	3	0	0	0	0	0	
0	1	0	0	0	0	0	
0	6	0	0	0	0	0	
0	5	0	0	0	0	0	
0	2	0	0	0	0	0	
0	1	0	0	0	0	0	
0	0	0	0	0	0	0	
0	0	0	0	0	0	0	
0	0	0	0	0	0	0	
0	0	0	0	0	0	0	
0	25	0	0	0	0	0	

